
% implementation markov

A = [1 -100 0 0 0;
	 -1 100+5 -50 0 0;
	 0 -5 50+5 -50 0;
	 0 0 -5 50+10 -20;
	 0 0 0 -10 20]